UHF Hamiltonian
Stoichiometry = HO,  Charge = 0,  Multiplicity = 2
1 H     0.000000     0.000000     0.000000
8 O     0.000000     0.000000     1.832467
Basis set: STO-3G, Nbf: 6
Status: Converged = True
  0  -55.7652424
  1  -73.9543422
  2  -74.1362912
  3  -74.1470137
  4  -74.1485316
  5  -74.1489036
  6  -74.1490081
  7  -74.1490392
  8  -74.1490488
  9  -74.1490519
 10  -74.1490529
 11  -74.1490533
 12  -74.1490534
 13  -74.1490534
 14  -74.1490534
 15  -74.1490534
 16  -74.1490534
 17  -74.1490534
 18  -74.1490534
 19  -74.1490534
 20  -74.1490534
[[  4.05795661e-01  -1.26221924e-02  -6.79653596e-02  -7.14605275e-16
   -7.84255895e-17  -3.77975078e-01]
 [ -1.26221924e-02   1.05507833e+00  -2.32824360e-01  -1.16131991e-16
   -1.42627468e-17  -5.48135254e-02]
 [ -6.79653596e-02  -2.32824360e-01   1.01716403e+00   5.96657622e-16
    7.08994232e-17   2.88814985e-01]
 [ -7.14605275e-16  -1.16131991e-16   5.96657622e-16   9.99999980e-01
    5.55111512e-16  -4.25480247e-16]
 [ -7.84255895e-17  -1.42627468e-17   7.08994232e-17   5.55111512e-16
    9.99999980e-01  -3.57487366e-17]
 [ -3.77975078e-01  -5.48135254e-02   2.88814985e-01  -4.25480247e-16
   -3.57487366e-17   4.02817018e-01]]
[[  3.93403351e-02  -5.37833389e-02   1.75289308e-01  -4.10869512e-14
   -2.99196983e-15  -3.62397480e-02]
 [ -5.37833389e-02   1.04581536e+00  -1.87246131e-01  -8.76695498e-15
   -6.37609751e-16   4.04790286e-02]
 [  1.75289308e-01  -1.87246131e-01   7.83862845e-01   4.36118944e-14
    3.17400420e-15  -1.61962516e-01]
 [ -4.10869512e-14  -8.76695498e-15   4.36118944e-14   9.99999980e-01
   -1.11022302e-16   4.91953524e-14]
 [ -2.99196983e-15  -6.37609751e-16   3.17400420e-15  -1.11022302e-16
    9.99999980e-01   3.60168292e-15]
 [ -3.62397480e-02   4.04790286e-02  -1.61962516e-01   4.91953524e-14
    3.60168292e-15   3.34680559e-02]]
Origin used: (0.0, 0.0, 1.7245875946)
M100_AO
[[  0.00000000e+00   0.00000000e+00   0.00000000e+00   2.99937374e-01
    0.00000000e+00   0.00000000e+00]
 [  0.00000000e+00   0.00000000e+00   0.00000000e+00   5.07919305e-02
    0.00000000e+00   0.00000000e+00]
 [  0.00000000e+00   0.00000000e+00   0.00000000e+00   6.41172859e-01
    0.00000000e+00   0.00000000e+00]
 [  2.99937374e-01   5.07919305e-02   6.41172859e-01   0.00000000e+00
    0.00000000e+00   1.88799035e-16]
 [  0.00000000e+00   0.00000000e+00   0.00000000e+00   0.00000000e+00
    0.00000000e+00   0.00000000e+00]
 [  0.00000000e+00   0.00000000e+00   0.00000000e+00   1.88799035e-16
    0.00000000e+00   0.00000000e+00]]
M010_AO
[[  0.00000000e+00   0.00000000e+00   0.00000000e+00   0.00000000e+00
    2.99937374e-01   0.00000000e+00]
 [  0.00000000e+00   0.00000000e+00   0.00000000e+00   0.00000000e+00
    5.07919305e-02   0.00000000e+00]
 [  0.00000000e+00   0.00000000e+00   0.00000000e+00   0.00000000e+00
    6.41172859e-01   0.00000000e+00]
 [  0.00000000e+00   0.00000000e+00   0.00000000e+00   0.00000000e+00
    0.00000000e+00   0.00000000e+00]
 [  2.99937374e-01   5.07919305e-02   6.41172859e-01   0.00000000e+00
    0.00000000e+00   1.88799035e-16]
 [  0.00000000e+00   0.00000000e+00   0.00000000e+00   0.00000000e+00
    1.88799035e-16   0.00000000e+00]]
M001_AO
[[-1.72458758  0.00181548 -0.31362236  0.          0.          0.56958182]
 [ 0.00181548  0.1078797   0.02553555  0.          0.          0.05079193]
 [-0.31362236  0.02553555  0.1078797   0.          0.          0.64117286]
 [ 0.          0.          0.          0.1078797   0.          0.        ]
 [ 0.          0.          0.          0.          0.1078797   0.        ]
 [ 0.56958182  0.05079193  0.64117286  0.          0.          0.1078797 ]]
M100_MO
[[  0.00000000e+00  -0.00000000e+00   0.00000000e+00  -1.25378491e-14
   -0.00000000e+00  -0.00000000e+00]
 [ -0.00000000e+00   0.00000000e+00  -0.00000000e+00  -4.51189136e-16
   -0.00000000e+00  -0.00000000e+00]
 [  0.00000000e+00  -0.00000000e+00   0.00000000e+00   2.83453237e-14
    0.00000000e+00   0.00000000e+00]
 [ -1.25378491e-14  -4.51189136e-16   2.83453237e-14   0.00000000e+00
    0.00000000e+00   9.20770478e-30]
 [ -0.00000000e+00  -0.00000000e+00   0.00000000e+00   0.00000000e+00
    0.00000000e+00   0.00000000e+00]
 [ -0.00000000e+00  -0.00000000e+00   0.00000000e+00   9.20770478e-30
    0.00000000e+00   0.00000000e+00]]
M010_MO
[[  0.00000000e+00  -0.00000000e+00   0.00000000e+00  -0.00000000e+00
   -9.20926340e-16  -0.00000000e+00]
 [ -0.00000000e+00   0.00000000e+00  -0.00000000e+00  -0.00000000e+00
   -3.31098626e-17  -0.00000000e+00]
 [  0.00000000e+00  -0.00000000e+00   0.00000000e+00   0.00000000e+00
    2.08054414e-15   0.00000000e+00]
 [ -0.00000000e+00  -0.00000000e+00   0.00000000e+00   0.00000000e+00
    0.00000000e+00   0.00000000e+00]
 [ -9.20926340e-16  -3.31098626e-17   2.08054414e-15   0.00000000e+00
    0.00000000e+00   6.73244931e-31]
 [ -0.00000000e+00  -0.00000000e+00   0.00000000e+00   0.00000000e+00
    6.73244931e-31   0.00000000e+00]]
M001_MO
[[ -7.67676011e-01  -1.20558032e-04  -3.36591899e-02  -0.00000000e+00
   -0.00000000e+00  -2.35929235e-01]
 [ -1.20558032e-04   2.26643777e-01  -1.07267308e-02  -0.00000000e+00
   -0.00000000e+00  -7.28076763e-04]
 [ -3.36591899e-02  -1.07267308e-02   1.94294238e-01   0.00000000e+00
    0.00000000e+00   8.13343606e-02]
 [ -0.00000000e+00  -0.00000000e+00   0.00000000e+00   2.15759393e-01
    0.00000000e+00   0.00000000e+00]
 [ -0.00000000e+00  -0.00000000e+00   0.00000000e+00   0.00000000e+00
    2.15759393e-01   0.00000000e+00]
 [ -2.35929235e-01  -7.28076763e-04   8.13343606e-02   0.00000000e+00
    0.00000000e+00   4.70663023e-02]]
=============
Dipole
=============
electronic (a.u.) -0.00000 -0.00000  0.26781
   nuclear (a.u.)  0.00000  0.00000 -0.86155
     total (a.u.) -0.00000 -0.00000 -0.59374
Dipole moment magnitude
  0.59374 a.u
  1.50913 D
=============
Origins
=============
             center of mass: 0.000000 0.000000 1.724588
