UHF Hamiltonian
Stoichiometry = HO, Charge = 0, Multiplicity = 2
1 H     0.000000     0.000000     0.000000
8 O     0.000000     0.000000     1.832467
Basis set: sto-3g, Nbf: 6
Status: Converged = True
0  -73.60798
1  -74.34896
2  -74.36235
3  -74.36259
4  -74.36262
5  -74.36263
6  -74.36263
7  -74.36263
8  -74.36264
9  -74.36264
10  -74.36264
11  -74.36264
12  -74.36264
13  -74.36264
14  -74.36264
15  -74.36264
16  -74.36264
17  -74.36264
18  -74.36264
19  -74.36264
20  -74.36264
21  -74.36264
22  -74.36264
23  -74.36264
24  -74.36264
[[  2.75759149e-01  -3.71868088e-03  -7.60957879e-02   7.86554886e-19
   -3.58913114e-18  -3.67030724e-01]
 [ -3.71868088e-03   1.05752946e+00  -2.44595198e-01   6.07122269e-20
   -2.64239056e-18  -3.80584961e-02]
 [ -7.60957879e-02  -2.44595198e-01   1.06630640e+00  -4.12255353e-19
    1.02487909e-17   2.18998079e-01]
 [  7.86554886e-19   6.07122269e-20  -4.12255353e-19   1.00000000e+00
    0.00000000e+00   5.89011063e-19]
 [ -3.58913114e-18  -2.64239056e-18   1.02487909e-17   0.00000000e+00
    1.00000000e+00   7.47303432e-18]
 [ -3.67030724e-01  -3.80584961e-02   2.18998079e-01   5.89011063e-19
    7.47303432e-18   5.02003651e-01]]
[[  3.38667371e-01  -8.58821163e-03  -6.88657606e-02  -3.18573454e-17
    1.53323888e-17  -3.76475139e-01]
 [ -8.58821163e-03   1.05632759e+00  -2.38628431e-01   1.20108335e-18
    9.64103345e-18  -4.65083217e-02]
 [ -6.88657606e-02  -2.38628431e-01   1.04015863e+00   5.31905513e-18
   -3.98561314e-17   2.55864306e-01]
 [ -3.18573454e-17   1.20108335e-18   5.31905513e-18   7.23606798e-01
    4.47213595e-01  -1.18554874e-17]
 [  1.53323888e-17   9.64103345e-18  -3.98561314e-17   4.47213595e-01
    2.76393202e-01  -5.25715470e-17]
 [ -3.76475139e-01  -4.65083217e-02   2.55864306e-01  -1.18554874e-17
   -5.25715470e-17   4.50033920e-01]]
Origin used: (0.0, 0.0, 1.724587594601618)
M100_AO
[[  0.00000000e+00   0.00000000e+00   0.00000000e+00   2.99937373e-01
    0.00000000e+00   0.00000000e+00]
 [  0.00000000e+00   0.00000000e+00   0.00000000e+00   5.07919296e-02
    0.00000000e+00   0.00000000e+00]
 [  0.00000000e+00   0.00000000e+00   0.00000000e+00   6.41172844e-01
    0.00000000e+00   0.00000000e+00]
 [  2.99937373e-01   5.07919296e-02   6.41172844e-01   0.00000000e+00
    0.00000000e+00   1.88799031e-16]
 [  0.00000000e+00   0.00000000e+00   0.00000000e+00   0.00000000e+00
    0.00000000e+00   0.00000000e+00]
 [  0.00000000e+00   0.00000000e+00   0.00000000e+00   1.88799031e-16
    0.00000000e+00   0.00000000e+00]]
M010_AO
[[  0.00000000e+00   0.00000000e+00   0.00000000e+00   0.00000000e+00
    2.99937373e-01   0.00000000e+00]
 [  0.00000000e+00   0.00000000e+00   0.00000000e+00   0.00000000e+00
    5.07919296e-02   0.00000000e+00]
 [  0.00000000e+00   0.00000000e+00   0.00000000e+00   0.00000000e+00
    6.41172844e-01   0.00000000e+00]
 [  0.00000000e+00   0.00000000e+00   0.00000000e+00   0.00000000e+00
    0.00000000e+00   0.00000000e+00]
 [  2.99937373e-01   5.07919296e-02   6.41172844e-01   0.00000000e+00
    0.00000000e+00   1.88799031e-16]
 [  0.00000000e+00   0.00000000e+00   0.00000000e+00   0.00000000e+00
    1.88799031e-16   0.00000000e+00]]
M001_AO
[[-1.72458759  0.00181548 -0.31362236  0.          0.          0.56958182]
 [ 0.00181548  0.1078797   0.02553555  0.          0.          0.05079193]
 [-0.31362236  0.02553555  0.1078797   0.          0.          0.64117284]
 [ 0.          0.          0.          0.1078797   0.          0.        ]
 [ 0.          0.          0.          0.          0.1078797   0.        ]
 [ 0.56958182  0.05079193  0.64117284  0.          0.          0.1078797 ]]
M100_MO
[[  0.00000000e+00  -0.00000000e+00  -0.00000000e+00  -9.31929127e-18
    0.00000000e+00  -0.00000000e+00]
 [ -0.00000000e+00   0.00000000e+00  -0.00000000e+00   6.40890319e-20
    0.00000000e+00  -0.00000000e+00]
 [ -0.00000000e+00  -0.00000000e+00   0.00000000e+00   3.14610677e-18
   -0.00000000e+00   0.00000000e+00]
 [ -9.31929127e-18   6.40890319e-20   3.14610677e-18   0.00000000e+00
    0.00000000e+00  -2.12709981e-33]
 [  0.00000000e+00   0.00000000e+00  -0.00000000e+00   0.00000000e+00
    0.00000000e+00  -0.00000000e+00]
 [ -0.00000000e+00  -0.00000000e+00   0.00000000e+00  -2.12709981e-33
   -0.00000000e+00   0.00000000e+00]]
M010_MO
[[  0.00000000e+00  -0.00000000e+00  -0.00000000e+00  -0.00000000e+00
    3.52224184e-18  -0.00000000e+00]
 [ -0.00000000e+00   0.00000000e+00  -0.00000000e+00   0.00000000e+00
    3.55474577e-19  -0.00000000e+00]
 [ -0.00000000e+00  -0.00000000e+00   0.00000000e+00   0.00000000e+00
   -1.89834227e-17   0.00000000e+00]
 [ -0.00000000e+00   0.00000000e+00   0.00000000e+00   0.00000000e+00
    0.00000000e+00  -0.00000000e+00]
 [  3.52224184e-18   3.55474577e-19  -1.89834227e-17   0.00000000e+00
    0.00000000e+00  -8.51455549e-33]
 [ -0.00000000e+00  -0.00000000e+00   0.00000000e+00  -0.00000000e+00
   -8.51455549e-33   0.00000000e+00]]
M001_MO
[[ -1.05963235e+00  -2.23429390e-05   4.54631826e-02  -0.00000000e+00
    0.00000000e+00  -4.23487422e-01]
 [ -2.23429390e-05   2.28042258e-01  -1.23393806e-02   0.00000000e+00
    0.00000000e+00  -4.29531186e-03]
 [  4.54631826e-02  -1.23393806e-02   2.27244809e-01   0.00000000e+00
   -0.00000000e+00   3.04468866e-01]
 [ -0.00000000e+00   0.00000000e+00   0.00000000e+00   1.85942178e-01
    0.00000000e+00  -0.00000000e+00]
 [  0.00000000e+00   0.00000000e+00  -0.00000000e+00   0.00000000e+00
    1.37696911e-01  -0.00000000e+00]
 [ -4.23487422e-01  -4.29531186e-03   3.04468866e-01  -0.00000000e+00
   -0.00000000e+00   1.02705524e-01]]
=============
Dipole
=============
electronic (a.u.)  0.00000  0.00000  0.35843
   nuclear (a.u.)  0.00000  0.00000 -0.86155
     total (a.u.)  0.00000  0.00000 -0.50312
Dipole moment magnitude
  0.50312 a.u
  1.27881 D
=============
Origins
=============
             center of mass: 0.000000 0.000000 1.724588
